4106
4481
4192
4420
4478
4088
4338
4320
4353
4253
4129
4284
4430
4093
4329
4293
4366
4064
4124
4142
4435
4472
4497
4423
4357
4498
4034
4386
4419
4184
4228
4302
4168
4080
4317
4056
4104
4037
4397
4001
4300
4346
4176
4203
4095
4128
4145
4348
4174
4403
4004
4157
4015
4119
4321
4350
4216
4375
4394
4238
4265
4484
4245
4025
4248
4136
4049
4221
4478
4058
4031
4133
4165
4448
4008
4451
4434
4404
4164
4065
4268
4255
4386
4245
4414
4219
4123
4339
4071
4114
4027
4074
4001
4123
4313
4339
4394
4383
4045
4069
4398
4083
4207
4340
4499
4264
4233
4410
4487
4202
4486
4325
4102
4094
4044
4025
4097
4287
4348
4230
4046
4440
4034
4487
4259
4016
4106
4320
4344
4175
4087
4070
4080
4095
4381
4262
4053
4033
4103
4040
4148
4312
4424
4149
4111
4419
4012
4113
4118
4458
4018
4088
4356
4389
4408
4135
4457
4214
4143
4155
4250
4388
4424
4128
4446
4225
4109
4438
4498
4351
4060
4038
4366
4240
4020
4080
4243
4420
4299
4428
4326
4072
4263
4192
4315
4492
4129
4026
4112
4100
4024
4254
4418
4413
4279
4249
4073
4398
4086
4282
4405
4061
4279
4373
4142
4236
4278
4376
4103
4266
4157
4117
4243
4276
4409
4245
4379
4039
4419
4383
4443
4284
4490
4332
4405
4330
4208
4121
4419
4259
4195
4246
4365
4469
4115
4467
4121
4262
4191
4082
4233
4495
4497
4188
4398
4280
4467
4006
4198
4216
4216
4342
4320
4229
4068
4222
4497
4052
4069
4355
4441
4457
4327
4271
4164
4271
4083
4269
4394
4424
4035
4013
4336
4206
4463
4147
4268
4270
4389
4489
4498
4032
4053
4165
4321
4410
4180
4033
4077
4074
4224
4103
4021
4179
4223
4432
4335
4387
4090
4246
4133
4499
4023
4148
4280
4429
4007
4037
4453
4075
4023
4305
4298
4303
4422
4209
4409
4009
4301
4493
4478
4482
4240
4404
4057
4449
4103
4388
4131
4215
4169
4262
4347
4366
4274
4403
4335
4223
4442
4376
4469
4246
4476
4022
4366
4355
4283
4160
4349
4275
4013
4167
4382
4453
4100
4346
4124
4475
4134
4396
4479
4223
4117
4141
4184
4271
4361
4140
4368
4360
4415
4448
4170
4382
4045
4163
4210
4243
4363
4255
4092
4304
4048
4288
4305
4494
4457
4349
4266
4274
4333
4037
4009
4345
4282
4142
4341
4334
4202
4436
4392
4054
4363
4027
4490
4134
4495
4391
4057
4312
4136
4223
4022
4104
4169
4005
4115
4163
4275
4018
4382
4387
4011
4374
4289
4239
4356
4457
4318
4187
4177
4154
4002
4291
4244
4245
4289
4197
4229
4262
4148
4118
4406
4163
4381
4406
4131
4314
4301
4232
4270
4496
4484
4392
4047
4238
4341
4203
4203
4149
4046
4374
4494
4241
4264
4483
4131
4244
4266
4080
4192
4140
4129
4242
4393
4381
4139
4107
4267
4129
4111
4316
4380
4214
4311
4148
4230
4420
4430
4440
4012
4117
4289
4233
4242
4341
4215
4351
4216
4400
4224
4253
4141
4474
4212
4088
4263
4229
4142
4301
4042
4274
4361
4312
4492
4052
4214
4375
4177
4390
4251
4116
4235
4355
4008
4208
4141
4366
4434
4277
4383
4411
4435
4110
4303
4071
4187
4061
4132
4225
4374
4210
4397
4482
4298
4431
4371
4221
4361
4396
4044
4027
4428
4001
4148
4211
4149
4372
4023
4104
4186
4423
4303
4184
4373
4213
4194
4083
4125
4268
4017
4098
4291
4248
4114
4309
4294
4089
4358
4202
4187
4235
4381
4286
4108
4208
4481
4174
4399
4098
4222
4094
4005
4318
4210
4277
4153
4151
4058
4332
4451
4326
4126
4420
4407
4181
4289
4405
4229
4279
4391
4478
4339
4273
4073
4228
4430
4363
4363
4409
4184
4090
4284
4424
4213
4487
4193
4090
4305
4419
4411
4427
4180
4168
4092
4217
4496
4102
4151
4262
4196
4180
4158
4162
4493
4059
4394
4272
4421
4274
4278
4091
4248
4003
4216
4116
4256
4308
4095
4146
4192
4082
4022
4478
4314
4334
4318
4005
4337
4365
4161
4323
4368
4390
4054
4267
4377
4268
4423
4324
4032
4457
4408
4373
4130
4220
4420
4496
4409
4001
4388
4063
4176
4275
4404
4490
4010
4470
4268
4109
4171
4410
4144
4375
4347
4133
4197
4441
4467
4171
4060
4260
4036
4194
4250
4285
4032
4433
4186
4405
4454
4002
4120
4264
4472
4134
4279
4045
4413
4084
4441
4241
4010
4151
4389
4398
4333
4165
4295
4140
4450
4045
4278
4072
4389
4295
4342
4305
4385
4183
4476
4123
4267
4120
4279
4124
4424
4073
4324
4014
4460
4402
4109
4183
4468
4251
4333
4158
4279
4148
4317
4336
4351
4059
4073
4226
4362
4454
4090
4302
4053
4429
4323
4436
4495
4118
4031
4129
4015
4483
4054
4226
4285
4027
4474
4038
4121
4440
4279
4180
4090
4268
4395
4149
4483
4314
4254
4379
4210
4141
4394
4114
4434
4043
4001
4258
4429
4050
4071
4329
4221
4146
4176
4206
4310
4048
4151
4496
4254
4094
4140
4076
4230
4200
4270
4396
4486
4354
4191
4356
4052
4006
4490
4300
4268
4005
4298
4243
4440
4058
4289
4030
4464
4367
4056
4018
4232
4199
4475
4074
4387
4102
4236
4042
4348
4418
4171
4060
4035
4138
4155
4289
4364
4190
4293
4346
4399
4106
4486
4071
4018
4385
4223
4282
4281
4442
4468
4168
4481
4068
4453
4054
4169
4240
4297
4119
4136
4023
4106
4048
4362
4415
4373
4198
4336
4262
4449
4164
4075
4393
4480
4094
4171
4243
4141
4216
4247
4317
4272
4376
4028
4259
4078
4076
4189
4436
4225
4264
4039
4459
4409
4038
4255
4481
4217
4029
4012
4113
4487
4200
4278
4371
4399
4258
4246
4010
4226
4470
4114
4454
4409
4309
4137
4007
4100
4402
4033
4056
4039
4103
4032
4119
4242
4018
4408
4139
4088
4300
4116
4134
4067
4206
4149
4021
4281
4476
4033
4106
4012
4024
4348
4118
4181
4251
4244
4263
4203
4158
4019
4211
4478
4140
4455
4500
4214
4478
4146
4457
4044
4004
